/var/spool/pbs/mom_priv/jobs/233009.crescentpbs.SC: line 62: export: `/var/spool/pbs/aux/233009.crescentpbs': not a valid identifier
wc: invalid option -- '.'
Try 'wc --help' for more information.
WARNING: release_mt library was used but no multi-ep feature was enabled. Please use release library instead.
The number of cities : 17
0 54 76 24 47 49 55 44 57 18 55 82 51 29 38 56 34 
54 0 30 51 30 44 18 20 53 62 41 36 32 58 64 3 20 
76 30 0 64 33 43 47 32 47 88 35 53 30 69 71 27 49 
24 51 64 0 31 27 60 33 33 42 34 86 34 7 16 52 38 
47 30 33 31 0 13 46 11 22 62 12 67 4 36 38 29 33 
49 44 43 27 13 0 59 24 10 66 8 81 13 29 29 43 44 
55 18 47 60 46 59 0 35 69 58 58 27 49 67 75 21 21 
44 20 32 33 11 24 35 0 33 57 23 57 14 40 44 19 23 
57 53 47 33 22 10 69 33 0 74 12 89 21 33 30 51 54 
18 62 88 42 62 66 58 57 74 0 71 84 67 46 55 65 41 
55 41 35 34 12 8 58 23 12 71 0 77 9 37 37 39 45 
82 36 53 86 67 81 27 57 89 84 77 0 68 94 100 38 49 
51 32 30 34 4 13 49 14 21 67 9 68 0 39 40 30 36 
29 58 69 7 36 29 67 40 33 46 37 94 39 0 9 59 46 
38 64 71 16 38 29 75 44 30 55 37 100 40 9 0 64 54 
56 3 27 52 29 43 21 19 51 65 39 38 30 59 64 0 23 
34 20 49 38 33 44 21 23 54 41 45 49 36 46 54 23 0 
Minimum cost: 278
Path: 0 9 3 13 14 8 5 10 12 4 7 2 15 1 16 6 11 
The Program Took 117.14118 Seconds
The Cost of Computation Took 117.13929 Seconds
The Cost of Communication Took 0.00189 Seconds
